[1152 1196 1260 1036]
[ 380 1106  475 1029]
[ 865 1001  931  935]
[529 725 588 945]
[448 763 523 982]
[1148 1198 1160  967]
[976 495 980 579]
[ 94 582 230 849]
[852 834 905 785]
[1133  536 1210  471]
[1301  725 1345  371]
[ 999  315 1003  453]
[409 646 733 435]
[561 654 732 543]
[431 578 679 423]
[ 791  851  818 1024]
[ 551 1069  759 1189]
[527 300 626 255]
[1066 1048 1133  966]
[1123 1239 1170 1171]
[ 408 1140  573 1243]
[1220  492 1368  349]
[ 573 1037  739 1129]
[ 288  884  509 1001]
[121 479 387 367]
[1310  890 1328  760]
[ 986 1435 1121 1235]
[658 779 728 807]
[ 623  963  787 1043]
[ 970 1100 1089  959]
[ 853  910  894 1206]
[ 52 540 244 610]
[317 603 421 640]
[1160  890 1164  811]
[ 912 1289  937 1496]
[487 355 597 304]
[564 685 774 544]
[ 556 1022  773  833]
[1190  460 1337  328]
[ 969 1165 1097 1008]
[112 560 245 833]
[1191  896 1312  740]
[435 635 747 755]
[748 483 778 654]
[ 637 1324  858 1479]
[ 965 1402 1096 1221]
[ 85 596 175 772]
[861 836 951 869]
[146 512 384 406]
[1025  265 1309  295]
[874 805 952 834]
[ 550 1067  808 1216]
[ 402 1122  493 1043]
[ 872 1297  890 1416]
[1125  981 1190  900]
[1298  956 1322  763]
[1011  299 1299  334]
[847 592 964 625]
[786 403 970 448]
[160 537 235 562]
[ 309  971  370 1097]
[ 408  715  522 1028]
[824 750 981 614]
[1128  877 1132  744]
[1335  678 1360  479]
[ 449 1199  559 1270]
[717 293 735 422]
[771 369 945 277]
[448 765 513 954]
[ 519 1238  579 1273]
[1188  461 1333  330]
[1051  649 1111  594]
[ 862  817 1124  581]
[1149  558 1219  495]
[443 874 486 991]
[763 476 806 744]
[506 716 661 779]
[ 766 1144  836 1071]
[ 984  641 1116  526]
[ 271  963  348 1114]
[825 749 980 614]
[609 913 733 812]
[1147 1149 1284  953]
[792 840 804 901]
[1275  944 1293  796]
[ 725 1006  791 1038]
[ 274  913  460 1016]
[410 786 467 942]
[734 521 748 604]
[1131  743 1133  675]
[ 908  995 1005  888]
[703 323 714 387]
[773 414 982 293]
[ 678 1236  734 1176]
[ 718 1340  854 1435]
[763 265 919 286]
[1167  838 1172  753]
[1135  538 1186  552]
[738 599 764 751]
[307 860 410 788]
[701 383 722 500]
[442 690 502 711]
[ 395 1165  558 1271]
[1149  889 1298  711]
[ 284  918  370 1095]
[1185  657 1272  681]
[122 582 205 753]
[1009  457 1061  469]
[851 840 868 941]
[ 400 1125  461 1073]
[ 842 1107  853 1183]
[465 385 703 427]
[ 769 1146  856 1193]
[695 382 712 458]
[ 915 1369  923 1440]
[735 230 932 254]
[862 465 968 492]
[ 477 1208  535 1247]
[ 532 1117  583 1264]
[ 656 1298  791 1392]
[773 370 849 329]
[1139  928 1237  967]
[286 884 347 916]
[1333  749 1344  664]
[ 559 1020  773  834]
[1301  955 1319  827]
[1168  715 1169  665]
[ 967 1462 1029 1370]
[ 740 1130  813 1057]
[1363  515 1379  390]
[746 588 754 639]
[1119 1168 1127  935]
[1069  625 1132  642]
[ 542 1085  564 1150]
[385 362 510 309]
[502 634 586 670]
[313 607 412 643]
[ 828 1029  839 1088]
[ 984  846 1093  884]
[ 902 1197  920 1351]
[277 453 424 387]
[231 607 307 635]
[ 549 1061  613 1249]
[969 370 973 440]
[1164  888 1168  825]
[1169  789 1178  654]
[450 420 486 540]
[ 317 1056  346 1114]
[758 671 768 722]
[ 987 1141 1077 1185]
[856 878 869 948]
[ 906 1293  914 1368]
[1015  751 1017  857]
[835 800 887 755]
[ 482 1211  571 1271]
[286 837 399 761]
[468 415 502 532]
[1000  689 1009  854]
[1083  498 1158  518]
[ 983  880 1056  909]
[560 743 602 903]
[557 366 683 384]
[ 878 1087  949 1123]
[ 610 1296  682 1346]
[449 762 505 723]
[ 92 575 179 747]
[273 912 397 981]
[1047  648 1132  674]
[985 369 989 451]
[438 425 475 548]
[1269  687 1330  757]
[ 88 492 173 459]
[ 895 1066  966 1100]
[ 636 1237  703 1170]
[ 888 1097  898 1171]
[784 550 974 598]
[581 275 657 241]
[254 569 324 595]
[ 482 1011  567  954]
[ 954  734 1089  612]
[1129  533 1200  471]
[ 803 1021  817 1089]
[ 681  963  830 1035]
[1082  502 1157  519]
[791 845 810 970]
[554 323 615 295]
[1307  890 1323  762]
[1148 1105 1152 1049]
[188 798 217 853]
[1177  631 1183  563]
[1102 1222 1155 1152]
[1384  387 1393  323]
[547 740 590 915]
[ 560 1135  596 1244]
[990 760 991 811]
[1164  918 1268  956]
[ 883 1203  998 1066]
[ 627  964  790 1043]
[504 714 592 750]
[ 954 1418 1018 1330]
[1127  976 1191  898]
[1178  593 1182  537]
[635 284 689 261]
[1113  946 1117  888]
[681 575 732 542]
[ 47 529  77 591]
[860 817 866 887]
[1034 1155 1145 1209]
[480 454 502 531]
[771 616 797 767]
[ 872 1295  882 1360]
[372 606 425 577]
[1150  887 1195  832]
[1164  944 1234  971]
[ 972  494 1132  534]
[1160  981 1169  927]
[1099  942 1165  964]
[1178  677 1263  701]
[698 355 710 425]
[475 353 612 373]
[545 737 580 877]
[1254  949 1278 1009]
[1305  690 1314  616]
[409 715 440 800]
[690 298 698 348]
[ 941  252 1029  261]
[692 382 704 451]
[167 754 218 853]
[1164  917 1169  866]
[411 791 430 843]
[ 890 1421  901 1480]
[1131  578 1196  515]
[398 377 455 356]
[1192  893 1254  814]
[399 633 437 732]
[504 642 581 673]
[1113 1250 1119 1197]
[1340  677 1352  584]
[777 442 830 457]
[928 974 994 901]
[992 500 995 585]
[504 641 583 671]
[1150 1071 1155  985]
[758 754 814 775]
[ 58 543 118 567]
[428 578 663 432]
[726 260 819 273]
[1240  960 1297  986]
[ 500 1047  535 1127]
[ 853  906  871 1037]
[1048  646 1102  597]
[ 854 1206  910 1197]
[ 948  620 1008  566]
[287 837 398 762]
[ 56 507 119 479]
[1039 1136 1091 1159]
[ 561 1266  613 1256]
[395 373 460 346]
[1050 1067 1093 1013]
[1073 1309 1123 1236]
[1372  454 1380  390]
[626 960 676 981]
[664 382 732 483]
[1096  475 1156  485]
[698 352 711 420]
[ 463 1007  561  979]
[1077 1154 1161 1183]
[  38 1490  107 1494]
[505 644 580 674]
[1135  537 1205  476]
[1225 1086 1295  989]
[ 654 1297  712 1338]
[645 946 729 987]
[1312  292 1381  300]
[1159  891 1163  821]
[1111  931 1140  981]
[175 586 245 611]
[1224  486 1336  381]
[ 658 1256  725 1185]
[774 412 884 349]
[749 483 756 534]
[ 50 537 113 560]
[353 917 427 959]
[782 575 851 594]
[691 382 703 453]
[741 555 754 648]
[1071 1183 1144 1173]
[1270  681 1310  733]
[500 628 562 654]
[572 539 652 487]
[ 405  987  459 1017]
[505 645 562 668]
[ 547 1263  620 1250]
[1115  926 1129  851]
[1356  513 1372  393]
[380 368 430 375]
[ 990 1135 1092 1184]
[ 806 1021  817 1084]
[1170  663 1173  602]
[1347  628 1360  526]
[ 451 1012  521  972]
[ 677 1094  742 1130]
[1048 1009 1090  958]
[ 406 1140  576 1246]
[503 598 527 671]
[673 415 733 429]
[409 352 462 360]
[220 849 288 839]
[ 798 1019  807 1073]
[619 763 670 783]
[517 578 535 647]
[442 437 462 380]
[1033 1367 1122 1235]
[1334  678 1344  601]
[1240  958 1297  984]
[1119 1150 1123 1030]
[ 964  294 1017  303]
[469 387 539 399]
[ 919 1399  926 1458]
[ 980  844 1060  872]
[133 475 298 405]
[1097  951 1130  881]
[1352  594 1365  493]
[667 865 731 813]
[1238  964 1297  985]
[1176  597 1181  533]
[1158  484 1227  428]
[695 333 713 277]
[1084 1169 1109 1226]
[529 672 597 698]
[869 359 982 294]
[ 91 606 216 852]
[1121  507 1152  559]
[ 656 1338  857 1479]
[695 394 708 459]
[1014 1393 1048 1342]
[112 521 186 545]
[ 570 1036  675 1094]
[ 59 541 122 564]
[ 461 1015  519  966]
[1278  704 1335  666]
[1078 1154 1111 1223]
[655 623 739 570]
[224 604 277 623]
[449 763 504 724]
[ 551 1174  572 1230]
[148 512 294 447]
[1218  806 1260  755]
[1242  966 1297  983]
[251 867 280 928]
[1165  969 1165  911]
[534 297 586 274]
[ 801 1022  810 1074]
[ 417 1179  558 1270]
[ 872 1055  924 1081]
[329 390 384 367]
[1099  474 1150  485]
[253 875 280 929]
[ 564 1014  648  941]
[793 358 843 332]
[1024  670 1076  623]
[461 858 506 982]
[569 837 588 898]
[315 608 405 641]
[775 638 783 690]
[1014 1047 1062  993]
[456 616 628 504]
[1225 1039 1256  989]
[ 410 1117  477 1058]
[1202  825 1247  770]
[ 575 1139  592 1189]
[ 973  447 1033  462]
[460 366 468 416]
[354 617 420 641]
[443 440 459 390]
[785 550 846 565]
[ 476 1208  538 1250]
[ 594 1194  613 1250]
[ 683 1316  809 1404]
[318 852 391 801]
[622 903 676 859]
[721 318 729 372]
[896 848 956 872]
[492 604 512 665]
