[1158 1167 1258 1012]
[ 967 1193 1139  964]
[559 976 761 800]
[ 790  445 1103  523]
[1135 1179 1156  982]
[ 375 1162  548 1270]
[381 365 465 326]
[775 535 799 763]
[ 250  935  330 1115]
[432 791 492 985]
[1022  266 1315  296]
[460 684 626 748]
[ 808  825  826 1022]
[585 998 787 816]
[991 849 991 745]
[1327  679 1378  393]
[542 655 685 559]
[ 554 1116  607 1301]
[557 318 676 259]
[ 925 1295  935 1485]
[ 784  893  800 1025]
[201 742 242 838]
[ 560 1069  827 1217]
[1328  670 1374  411]
[ 476  983  528 1009]
[ 788  403 1115  478]
[1171  893 1182  780]
[466 327 548 288]
[ 932 1448 1082 1225]
[1332  677 1375  438]
[964 641 965 696]
[ 992  744 1101  635]
[280 837 416 742]
[ 894 1358  901 1460]
[464 747 531 984]
[495 698 704 779]
[ 631 1231  707 1150]
[ 503 1207  558 1242]
[786 410 977 295]
[229 478 420 388]
[1108 1166 1124  985]
[1211  462 1341  332]
[914 821 915 899]
[755 484 787 747]
[444 643 740 436]
[ 269  913  466 1018]
[ 916  986  921 1088]
[ 601 1297  728 1380]
[1169  865 1288  713]
[151 685 188 766]
[1013 1392 1075 1294]
[ 994  672 1143  528]
[ 94 596 213 853]
[ 453 1212  546 1270]
[ 703 1374  770 1419]
[283 884 385 936]
[705 355 713 405]
[ 955 1135 1107  947]
[1004  300 1246  329]
[ 615  970  768 1044]
[ 867 1012  883 1195]
[ 388 1119  482 1034]
[1060 1070 1139  966]
[466 636 801 758]
[1092  310 1303  335]
[ 273  914  365 1121]
[1080  654 1149  672]
[590 491 699 418]
[869 739 929 684]
[1084  654 1178  557]
[431 425 469 570]
[439 624 572 667]
[ 555 1071  605 1247]
[954 631 963 564]
[ 467 1212  566 1273]
[219 441 381 369]
[307 854 425 771]
[444 424 480 560]
[607 933 760 800]
[ 799  846  822 1072]
[ 579 1037  734 1119]
[ 541 1146  575 1263]
[1256  947 1284  770]
[909 835 914 926]
[976 372 977 445]
[ 930 1291  936 1423]
[ 788  444 1104  523]
[ 630 1281  682 1217]
[ 590 1274  678 1180]
[1212  462 1343  331]
[596 904 729 789]
[1140 1138 1245  982]
[148 571 336 636]
[708 574 729 728]
[ 453  777  521 1000]
[1166  892 1192  639]
[529 738 555 870]
[ 755 1371  876 1450]
[1291  888 1311  766]
[1281  957 1297  873]
[686 333 695 384]
[ 970  841 1095  887]
[ 644 1297  727 1351]
[ 912 1032  915 1093]
[467 389 715 428]
[866 577 959 601]
[129 564 239 602]
[458 579 671 436]
[1114 1238 1157 1172]
[1014 1132 1077 1161]
[699 778 784 809]
[1227  847 1279  780]
[ 632  953  809 1035]
[130 480 222 441]
[748 609 759 683]
[204 448 266 421]
[563 368 688 386]
[816 750 961 615]
[918 693 987 633]
[1320  293 1385  300]
[532 711 578 907]
[1010  897 1079  922]
[710 229 925 256]
[734 594 747 689]
[708 408 733 554]
[780 370 936 280]
[907 936 961 874]
[ 969 1460 1019 1380]
[1316  576 1347  380]
[ 924 1147  928 1092]
[599 931 749 796]
[ 932 1450 1085 1223]
[774 804 783 869]
[ 679 1359  858 1480]
[1174  854 1191  691]
[990 438 991 334]
[ 514  741  582 1038]
[1100  638 1171  565]
[154 514 382 407]
[122 560 196 734]
[1039 1352 1112 1235]
[432 692 503 716]
[701 461 712 521]
[711 261 857 281]
[781 582 946 626]
[779 371 939 279]
[121 560 149 628]
[1068  602 1146  527]
[341 608 451 645]
[ 999 1147 1127 1206]
[1081  924 1213  972]
[1326  726 1337  670]
[923 737 977 688]
[ 880 1251  890 1303]
[ 381  935  528 1010]
[346 602 453 641]
[655 882 745 801]
[594 904 720 795]
[567 558 722 450]
[1181  559 1377  349]
[382 364 455 330]
[ 716 1345  778 1384]
[825 276 922 289]
[1160  534 1228  468]
[1124  991 1194  898]
[  25 1489   91 1489]
[1142  507 1180  561]
[726 624 739 733]
[465 432 495 551]
[ 761 1134  818 1162]
[734 496 742 569]
[ 876 1129  881 1186]
[538 848 569 984]
[125 521 254 563]
[ 563 1019  787  817]
[1146 1106 1160  985]
[1014 1129 1057 1072]
[ 318 1089  390 1136]
[612 639 715 569]
[469 636 801 757]
[791 772 880 689]
[435 716 476 851]
[695 278 704 340]
[ 73 505 126 480]
[909 970 981 890]
[1190  937 1249  956]
[1250  997 1285  942]
[271 570 352 595]
[ 862  947  868 1003]
[535 716 557 815]
[ 646 1256  731 1165]
[932 679 983 635]
[1134  881 1142  771]
[571 277 640 242]
[722 791 786 813]
[ 790 1149  852 1179]
[884 688 945 631]
[1074  661 1147  682]
[1363  508 1385  384]
[ 919  824 1056  873]
[849 868 860 919]
[1166  949 1177  856]
[1295  881 1315  766]
[ 922 1088  973 1111]
[ 978  687 1042  623]
[ 687  998  775 1041]
[ 926 1251  932 1195]
[ 94 599 212 852]
[ 933 1165 1035 1038]
[712 425 720 475]
[740 555 754 645]
[ 650 1330  757 1400]
[1132  979 1194  897]
[ 315 1082  390 1135]
[ 729 1018  780 1042]
[693 473 745 436]
[ 995 1154 1065 1185]
[486 357 536 329]
[ 676 1348  769 1409]
[ 338 1101  389 1135]
[1243  492 1377  348]
[1199  884 1260  805]
[456 579 586 492]
[767 478 775 536]
[ 382 1125  454 1060]
[1058 1184 1158 1170]
[ 629 1324  855 1477]
[1216  966 1277  987]
[ 549 1262  605 1253]
[ 740 1114  786 1061]
[1149  691 1157  594]
[1164  537 1233  473]
[ 415 1060  496  992]
[1298  686 1307  624]
[ 460 1181  546 1233]
[ 618  972  737 1030]
[441 622 548 659]
[782 556 875 580]
[350 786 416 741]
[980 758 982 812]
[1097 1225 1141 1154]
[1108  499 1187  517]
[  44 1490  106 1490]
[1279  957 1303  811]
[ 907  933  912 1052]
[921 955 986 883]
[ 64 510 129 480]
[927 810 983 755]
[765 570 926 610]
[842 375 977 294]
[978 590 978 494]
[ 361 1104  489 1001]
[ 710 1151  827 1216]
[1106  933 1135  881]
[ 998 1148 1067 1180]
[ 301  979  365 1123]
[ 559 1254  614 1287]
[568 670 631 627]
[990 583 991 525]
[1194  664 1259  682]
[1219  693 1294  711]
[1144  749 1149  693]
[267 911 366 964]
[1197  630 1207  553]
[1166  950 1216  968]
[1128  476 1179  487]
[ 994  606 1044  623]
[ 922 1089  972 1111]
[ 630 1280  639 1332]
[ 985 1435 1034 1357]
[ 508 1003  579  955]
[1135  981 1140  930]
[1076  663 1148  683]
[883 425 956 442]
[1128  883 1190  904]
[ 465 1211  526 1249]
[221 553 288 574]
[1389  387 1401  318]
[431 686 506 714]
[445 420 460 359]
[844 835 862 938]
[977 364 999 302]
[ 519 1001  567  940]
[891 795 918 866]
[1107  477 1153  531]
[812 879 818 944]
[442 648 494 612]
[480 356 706 387]
[1101  638 1155  655]
[387 618 446 580]
[419 744 439 816]
[ 962  257 1024  262]
[906 837 956 787]
[1207  587 1214  526]
[1186  695 1248  711]
[ 931 1293  934 1365]
[ 58 527  87 593]
[1217  965 1277  986]
[1136  530 1203  465]
[ 846 1000  854 1060]
[803 400 975 297]
[ 520 1079  538 1140]
[850 840 854 900]
[800 404 879 423]
[ 559 1253  610 1284]
[1191  646 1198  596]
[1263  799 1320  726]
[1282  957 1295  888]
[685 319 694 384]
[250 873 274 927]
[469 327 566 278]
[775 447 795 392]
[368 810 424 770]
[1074 1159 1131 1176]
[1214  946 1262 1010]
[539 798 566 917]
[253 608 334 636]
[1284  685 1325  736]
[347 604 452 642]
[1101  931 1154  952]
[442 653 500 599]
[1061 1186 1157 1171]
[777 673 787 750]
[718 231 773 238]
[ 844 1017  849 1067]
[1100 1168 1150 1182]
[694 467 700 519]
[1281  726 1335  659]
[ 545 1085  563 1144]
[643 957 701 986]
[163 656 207 759]
[1070 1304 1109 1242]
[ 815  996  821 1054]
[1281  704 1319  761]
[ 815 1035  865  980]
[ 504 1003  577  954]
[851 756 907 705]
[451 679 507 701]
[440 625 568 669]
[ 535 1127  552 1187]
[1046 1024 1106  948]
[ 869 1064  881 1144]
[153 687 189 768]
[ 470 1213  555 1266]
[ 399 1108  482 1033]
[1254  698 1327  715]
[453 695 504 715]
[ 998 1155 1060 1185]
[ 988  667 1023  614]
[435 634 459 711]
[1144 1131 1154 1043]
[432 633 456 713]
[544 653 624 599]
[ 473 1190  524 1221]
[ 577 1151  605 1250]
[453 698 504 716]
[ 478  993  528 1008]
[309 935 422 995]
[ 507 1003  561  967]
[433 436 448 492]
[635 594 704 542]
[774 808 782 863]
[1062 1178 1113 1198]
[302 859 418 775]
[1139 1197 1276  987]
[586 269 658 231]
[ 637 1069  735 1119]
[1277  701 1317  763]
[ 645 1298  704 1337]
[726 632 732 682]
[595 904 714 801]
[495 913 514 981]
[734 598 743 662]
[ 250  936  319 1091]
[857 603 917 619]
[ 522 1081  539 1143]
[ 380 1165  502 1241]
[534 661 678 564]
