Camera Matrix Left:
[[1.48328735e+03 0.00000000e+00 7.34012939e+02]
 [0.00000000e+00 1.48171814e+03 8.59885951e+02]
 [0.00000000e+00 0.00000000e+00 1.00000000e+00]]
Camera Matrix Right:
[[1.49549402e+03 0.00000000e+00 7.23153505e+02]
 [0.00000000e+00 1.50254272e+03 8.58920262e+02]
 [0.00000000e+00 0.00000000e+00 1.00000000e+00]]
distL:
[[ 0.22837466 -0.69090413 -0.00555763 -0.03111411  0.87245493]]
distR:
[[ 0.20727848 -0.5313036  -0.00510716 -0.01277077  0.65575177]]
Rotation:
[[ 0.99763786  0.00326705  0.06861506]
 [-0.00318983  0.99999415 -0.00123497]
 [-0.06861869  0.00101318  0.99764245]]
Transposition:
[[ 0.16780832]
 [-0.01496177]
 [-0.03598987]]
