Left             Right             Radius              
172  1002       2746  992      53      
200  368       2872  340      70      
284  812       1990  816      75      
352  1146       2018  1144      48      
410  604       2044  604      55      
594  990       2360  988      65      
610  1368       2326  1364      73      
614  522       2446  508      74      
614  522       2382  504      74      
632  210       2260  212      53      
846  594       2472  596      52      
874  260       2522  268      43      
934  828       1990  816      72      
1192  338       2872  340      70      
