[ 339 1038  460 1122]
[522 843 784 965]
[604 907 697 958]
[458 501 465 681]
[1051  277 1158  298]
[ 542 1118  713 1003]
[ 578 1086  707 1002]
[569 866 718 784]
[288 684 338 668]
[863 830 881 684]
[577 855 735 928]
[572 882 698 949]
[ 530 1158  700 1273]
[208 432 244 662]
[1004  887 1177  965]
[1089  996 1106  905]
[186 396 234 668]
[490 373 796 460]
[1231  967 1273  749]
[754 606 757 517]
[542 791 632 749]
[543 776 725 695]
[360 665 497 615]
[823 925 900 877]
[ 949  920 1008  884]
[843 870 866 610]
[1079 1122 1183 1025]
[556 777 728 697]
[ 856 1305 1012 1178]
[978 420 990 320]
[1020  443 1084  417]
[ 534 1175  741 1320]
[ 863 1312  968 1224]
[1084 1126 1202 1016]
[532 659 542 793]
[481 387 687 447]
[909 238 967 249]
[752 650 754 593]
[1129  689 1138  625]
[ 483  994  490 1072]
[287 722 409 779]
[1283  661 1309  535]
[751 903 754 735]
[ 985  434 1004  310]
[438 498 446 577]
[561 862 713 782]
[1067 1067 1080  983]
[ 996  614 1188  687]
[498 396 796 487]
[ 821 1164  830 1058]
[544 238 690 225]
[615 268 695 282]
[ 804 1281  824 1053]
[929 826 947 651]
[553 620 672 665]
[1140  710 1173  501]
[ 897  959 1049  872]
[256 282 394 261]
[247 753 285 950]
[ 902  327 1117  369]
[257 752 294 946]
[570 889 695 958]
[534 241 701 270]
[1292  661 1350  409]
[473 890 484 991]
[ 910  742 1048  795]
[ 873 1046  929 1076]
[1053 1109 1066 1046]
[1072 1032 1093  897]
[ 486  887  502 1109]
[1117  766 1151  527]
[612 565 712 528]
[1288  632 1329  439]
[792 698 852 720]
[633 563 717 536]
[740 558 743 645]
[434 245 510 311]
[936 769 945 678]
[793 227 855 240]
[575 334 719 300]
[ 815 1233  824 1155]
[797 671 859 642]
[275 730 406 791]
[1050  350 1124  362]
[ 819 1292  821 1242]
[ 924  312 1122  350]
[739 949 744 849]
[ 998  605 1178  674]
[749 954 749 900]
[577 856 790 955]
[1130  768 1181  444]
[733 572 736 647]
[517 429 524 558]
[842 872 862 652]
[ 531 1160  750 1307]
[525 661 533 782]
[791 663 863 631]
[558 611 682 658]
[1046  265 1290  313]
[1235  924 1247  833]
[562 863 670 805]
[273 288 354 271]
[873 740 953 769]
[466 666 468 741]
[440 524 453 682]
[400 261 467 248]
[1134  297 1195  304]
[499 308 549 350]
[894 952 944 921]
[1020  900 1174  972]
[ 335 1023  440 1094]
[257 274 411 247]
[548 232 699 214]
[623 429 786 476]
[762 588 770 470]
[ 737 1352  738 1300]
[498 292 505 420]
[828 307 998 340]
[485 372 635 415]
[607 567 684 539]
[1179  786 1247  734]
[833 295 946 315]
[649 557 717 535]
[543 773 548 844]
[928 783 940 648]
[ 951  868 1007  895]
[ 819  722 1044  809]
[ 950  867 1173  971]
[835 276 974 262]
[731 439 731 358]
[496 350 569 337]
[1147  570 1164  443]
[ 995  450 1095  412]
[1003  438 1149  373]
[493 340 593 319]
[1069 1061 1090  962]
[1062  418 1124  396]
[ 536 1114  611 1063]
[1121  765 1135  668]
[ 806 1297  819 1212]
[1141  299 1200  305]
[258 753 278 856]
[ 836 1055  837 1113]
[621 753 706 715]
[ 935  928 1002  885]
[758 493 758 416]
[720 463 794 485]
[570 324 701 296]
[221 294 373 338]
[750 614 752 552]
[793 665 859 634]
[ 899 1071  982 1116]
[299 697 411 651]
[247 318 378 356]
[1000  464 1140  395]
[ 481  888  501 1082]
[778 473 828 411]
[519 632 579 609]
[1248  850 1259  782]
[ 859 1304 1013 1179]
[ 903  327 1004  345]
[762 596 768 528]
[350 974 525 892]
[887 323 997 343]
[651 656 710 679]
[ 909 1066  985 1107]
[161 212 220 226]
[776 214 891 236]
[ 819 1263  828 1183]
[282 896 297 964]
[1179  785 1260  724]
[ 811 1212  820 1108]
[1166  456 1225  419]
[1173  779 1248  723]
[924 252 980 265]
[323 985 385 950]
[507 289 517 400]
[760 385 817 346]
[780 782 842 811]
[ 452 1118  502 1093]
[773 471 773 401]
[776 786 890 841]
[ 488 1045  496 1113]
[1085 1126 1145 1070]
[1020  438 1101  408]
[ 622 1065  708 1007]
[889 885 891 833]
[886 603 945 664]
[1154  537 1170  437]
[ 536 1117  598 1086]
[ 813 1227  824 1148]
[ 998  615 1065  641]
[288 688 449 623]
[516 535 590 581]
[638 901 778 969]
[ 807 1297  815 1244]
[1238  317 1293  323]
[216 490 243 664]
[859 240 938 256]
[858 878 868 824]
[ 993  338 1085  355]
[470 889 481 992]
[303 694 471 627]
[ 777 1024  838 1064]
[ 828 1166  841 1077]
[518 830 569 845]
[731 483 782 473]
[931 746 936 686]
[787 540 787 477]
[ 959 1104 1011 1132]
[ 996  442 1004  512]
[841 275 936 265]
[400 945 463 912]
[796 940 873 892]
[876 728 942 754]
[136 351 202 388]
[1283  664 1301  577]
[281 720 365 759]
[1092  986 1107  901]
[661 913 726 945]
[312 684 370 662]
[ 901  946  904 1001]
[1230  686 1234  745]
[ 383 1056  462 1110]
[554 859 781 965]
[475 913 481 969]
[210 538 232 666]
[ 954  862 1022  895]
[797 672 862 641]
[646 273 697 282]
[ 814 1313  826 1209]
[504 400 510 474]
[923 818 931 760]
[864 607 941 650]
[719 786 722 733]
[1214  939 1271  962]
[264 287 349 275]
[1243  341 1297  360]
[573 855 637 821]
[550 782 728 699]
[1040  429 1108  404]
[814 238 888 323]
[517 829 571 855]
[ 930 1078 1010 1121]
[ 987  896 1043  866]
[549 909 603 897]
[857 300 918 309]
[742 922 744 817]
[1213  693 1265  662]
[1171  779 1238  727]
[432 432 440 483]
[1000  463 1068  430]
[451 665 485 613]
[884 673 890 606]
[ 343  994  364 1056]
[687 300 720 350]
[510 460 515 548]
[1069  641 1192  688]
[1289  667 1328  501]
[468 910 521 896]
[622 751 710 712]
[836 919 903 874]
[1263  346 1335  418]
[327 262 414 247]
[613 841 718 782]
[1268  363 1322  353]
[480 888 488 944]
[539 272 543 220]
[498 749 552 786]
[684 280 708 336]
[ 922  944 1040  876]
[296 333 350 349]
[ 327 1046  354  991]
[435 436 440 486]
[ 335 1020  389 1060]
[536 700 543 797]
[844 848 899 831]
[ 580 1092  666 1034]
[ 877 1298  940 1248]
[ 971  777 1041  803]
[248 756 306 730]
[601 427 669 447]
[1218  939 1269  959]
[ 484 1001  491 1067]
[560 611 649 645]
[865 819 884 663]
[ 693 1011  694  957]
[934 243 974 302]
[1133  659 1157  491]
[ 604 1224  658 1261]
[ 822 1161  829 1087]
[1016  890 1087  925]
[ 911  952 1051  871]
[267 288 336 274]
[185 390 197 467]
[618 755 680 727]
[208 430 216 480]
[518 435 521 492]
[440 497 443 554]
[ 634 1245  697 1289]
[558 230 609 224]
