469 183 1100.59125
451 219 1101.4212499999999
526 214 1101.5475000000001
342 300 1101.6975
672 101 1102.19125
191 239 1102.5
360 176 1102.8087500000001
238 67 1103.34375
190 280 1103.36625
403 357 1103.79125
127 340 1104.615
26 305 1105.685
150 261 1106.3587499999999
168 253 1106.385
318 307 1106.40625
625 199 1106.5625
305 138 1106.8649999999998
516 208 1106.9212499999999
207 165 1106.9375
333 382 1107.125
62 47 1107.24
697 20 1107.28125
554 213 1107.4975
320 311 1107.65625
695 19 1108.0775
87 278 1108.2337499999999
683 178 1108.6412500000001
341 316 1109.365
174 356 1109.72125
444 261 1110.1475
304 208 1110.5037499999999
674 100 1110.69125
342 315 1110.75
371 293 1110.84375
652 202 1111.52125
92 118 1111.5225
550 218 1111.9475
688 77 1112.10375
639 89 1112.8025
517 72 1112.915
268 335 1113.14625
548 316 1113.21875
572 98 1113.7775000000001
429 134 1114.2850000000003
259 329 1114.30375
400 316 1114.6287500000003
448 343 1114.7225
153 86 1115.1212500000001
214 289 1115.19
103 131 1115.3287500000001
207 245 1115.3787500000003
425 131 1115.8475
179 295 1115.8475
474 327 1116.45875
313 311 1116.815
305 91 1117.40375
196 246 1117.55375
426 130 1117.625
426 132 1117.62875
425 132 1118.09375
166 186 1118.2025
316 294 1118.5162500000006
369 294 1119.065
451 340 1119.125
34 334 1119.71
458 332 1119.96875
212 192 1119.9975
398 283 1120.125
329 351 1121.0587500000001
444 341 1121.14625
190 221 1121.2275
179 336 1121.38375
254 333 1121.59125
333 380 1122.0162500000001
615 276 1122.09375
26 275 1122.38375
565 304 1122.6412500000001
359 361 1122.90375
97 298 1122.9775
324 342 1123.3024999999998
217 274 1123.9025000000001
501 101 1123.99
320 64 1124.19625
499 104 1124.2150000000001
229 321 1124.2275
341 28 1124.29625
432 256 1124.40625
625 203 1124.7775000000001
82 153 1124.7975000000001
505 361 1125.13375
565 319 1125.40375
357 140 1125.79
257 333 1125.80375
352 371 1126.2037500000001
645 280 1126.2337499999999
616 304 1126.5162500000001
587 187 1126.5475000000006
166 174 1126.5975000000003
338 284 1126.75
269 334 1127.0225
