  x      y         
768   370     157
674   986     217
652   938     7
792   990     94
792   988     95
897   796     15
792   992     93
652   937     7
627   666     65
897   799     12
663   875     111
556   1087     76
674   995     166
531   1040     66
626   1087     21
415   1011     40
674   977     202
372   937     57
833   1081     107
404   1029     44
832   1065     101
524   1074     33
570   774     107
799   1020     108
404   1032     41
404   1031     44
352   934     63
828   1113     6
433   697     95
897   1114     12
513   1040     55
837   1098     105
802   1018     106
415   651     95
881   1113     18
597   843     18
391   727     89
656   1128     34
491   1052     60
391   728     88
674   802     92
490   1050     48
701   891     43
601   808     116
490   1050     48
791   998     93
414   983     48
557   1069     4
915   1143     86
916   1154     61
360   944     56
522   1047     8
681   1002     109
396   646     25
671   1019     247
900   943     51
482   1068     57
686   893     45
599   842     36
600   842     102
522   1047     8
413   1003     45
539   865     6
687   801     78
550   1101     73
547   1091     71
896   803     88
1148   820     60
704   596     127
667   1007     78
738   642     114
557   868     7
415   1005     45
637   895     118
809   836     12
904   854     49
668   948     12
547   1091     71
883   942     69
603   825     5
587   855     18
641   877     31
792   757     126
706   594     126
540   1084     68
865   1120     62
835   790     146
838   820     147
671   818     7
671   1021     247
835   804     9
670   938     17
671   1022     248
630   937     61
888   853     141
639   872     71
1126   826     170
639   873     68
799   760     27
1178   1108     61
855   1134     100
826   1101     105
1185   1108     153
549   1072     69
1178   1108     61
551   1104     73
665   1007     108
1097   898     158
826   832     33
401   733     72
1190   1109     153
405   1002     46
651   889     111
630   1068     57
1108   714     93
788   764     128
1108   715     99
922   675     49
669   1033     241
547   1071     71
789   1034     113
1192   1109     151
592   1104     48
683   1003     110
906   711     18
638   1071     37
584   1119     5
669   1031     246
651   889     111
633   1096     72
801   832     21
679   877     36
645   1068     11
1123   914     162
585   843     27
1127   829     170
743   1040     101
592   1102     4
743   1037     103
767   378     167
766   380     137
816   604     56
792   835     22
633   1097     73
559   782     16
582   1120     2
1124   914     162
891   710     10
872   858     131
674   799     94
575   555     115
870   557     164
731   639     116
657   950     7
586   844     27
548   863     7
1126   714     110
744   1037     102
639   943     14
861   594     166
683   593     129
626   1107     73
831   640     149
644   1033     71
790   836     8
870   543     168
813   605     22
673   1042     56
833   805     12
814   506     152
840   1063     100
628   935     77
680   805     71
536   1000     48
653   1032     74
681   876     39
681   975     85
772   637     118
826   820     42
719   967     87
638   945     13
770   640     117
443   486     25
1168   858     181
708   562     145
655   1033     75
876   539     163
651   820     7
682   876     36
662   1141     48
787   887     26
1132   857     180
747   705     75
782   886     126
829   784     147
863   594     169
765   363     157
828   821     30
868   542     171
864   594     165
841   786     149
846   603     162
526   796     39
790   749     122
381   730     73
764   383     26
1074   895     250
499   442     8
636   1035     95
763   1061     96
819   678     4
537   1003     65
671   1143     47
745   636     117
750   706     72
588   617     25
635   1036     95
647   1065     23
762   1061     100
1068   651     143
433   683     96
741   1003     104
646   961     20
649   1066     85
687   817     13
650   1065     81
826   1054     8
724   734     116
678   817     5
740   834     129
587   1041     69
1140   860     71
642   949     9
426   713     90
859   868     136
1170   856     180
661   1142     49
639   1067     39
922   1157     33
725   736     121
890   801     4
592   826     30
1155   982     146
782   982     246
840   1061     111
931   904     31
594   824     22
827   695     105
425   713     91
762   387     24
825   597     7
724   413     82
672   1127     40
662   929     12
1159   611     90
517   801     102
867   541     160
1140   1036     143
649   1062     2
1141   1053     132
819   682     95
1142   1053     44
735   684     99
1151   984     51
825   694     102
921   1139     44
1055   648     155
396   965     47
753   706     89
895   809     134
671   882     34
827   689     119
826   689     116
822   662     22
866   1134     105
544   1004     65
431   689     96
681   711     60
831   696     111
784   991     245
777   717     100
825   596     16
592   811     46
707   580     143
564   566     92
1155   1058     129
1069   549     20
497   446     59
864   875     21
635   619     121
705   579     140
662   1127     41
769   793     22
707   581     136
827   690     106
577   567     32
1153   813     171
778   984     10
910   1136     59
626   1171     8
928   905     32
841   1082     107
774   798     24
822   666     9
632   1039     92
780   978     35
1114   823     186
621   1056     78
898   702     9
576   567     31
765   1060     41
848   644     159
539   1006     61
635   621     119
1114   890     20
774   775     142
682   972     59
867   1133     102
854   718     113
428   681     96
876   536     161
1110   1031     131
676   765     92
880   797     7
1100   903     161
686   820     17
773   775     137
928   891     45
878   655     9
1143   547     195
671   709     62
850   892     127
620   1053     83
663   929     12
782   552     23
1103   829     16
1114   823     186
817   663     21
850   591     89
1120   901     170
1109   1029     130
650   1061     5
768   790     123
611   607     43
770   358     157
1047   550     183
529   1010     249
672   882     34
1110   1030     130
875   655     27
889   804     147
876   676     122
924   684     37
613   608     34
931   892     40
689   795     131
875   655     27
660   1125     32
876   676     122
851   592     85
1155   728     158
832   691     97
851   698     121
495   451     126
791   1008     107
543   1056     4
746   633     119
849   889     121
544   1057     4
727   983     89
727   701     26
1164   976     144
787   556     32
891   645     18
874   868     44
885   796     9
539   1007     60
1093   1140     22
841   1085     109
1104   901     164
836   701     132
1124   470     196
665   1093     246
854   897     10
870   656     24
850   908     110
1085   643     138
1111   898     161
526   1018     20
889   1178     23
770   810     15
835   693     115
677   819     5
727   702     26
780   781     43
789   555     36
1164   1039     135
1146   548     196
584   793     122
1165   1027     137
819   682     95
1202   968     168
1169   793     184
1150   1021     50
802   666     19
796   864     123
780   549     14
1146   1100     83
484   472     57
733   1059     4
632   1078     33
1116   887     7
736   1058     4
679   809     66
492   425     118
861   696     96
591   560     115
610   605     46
482   467     59
626   1042     97
1170   794     182
760   392     41
544   996     64
667   798     103
547   1062     2
1145   624     102
808   672     10
692   379     128
746   631     119
712   733     6
1004   311     152
695   804     125
893   645     18
1198   892     173
712   733     6
1124   641     72
834   705     136
749   975     84
1054   882     166
1162   698     154
1123   644     64
747   1050     20
516   1109     51
741   983     82
807   671     11
585   794     118
787   1122     53
764   814     136
719   991     103
391   654     12
643   904     88
1161   693     155
826   700     128
828   670     134
881   697     12
1063   748     111
1143   1191     144
524   1031     9
682   924     8
685   880     43
1103   905     159
548   998     65
697   393     133
731   699     22
1131   551     194
705   797     126
1122   547     194
1122   548     193
491   425     118
513   819     4
679   804     70
1108   484     195
688   824     52
750   972     83
882   663     19
1124   867     178
1099   1038     117
768   638     118
873   697     36
767   788     136
1170   1098     145
515   820     5
549   1063     2
804   522     56
604   816     117
1097   537     71
849   886     121
1163   1094     127
1071   1082     129
662   858     106
744   1058     5
706   796     128
636   630     114
1110   902     155
1075   641     33
694   1136     79
718   993     108
747   1050     20
732   920     110
644   812     92
732   986     91
729   915     110
682   996     109
770   813     15
705   818     4
1106   725     112
666   857     102
662   856     106
1054   880     167
859   1146     9
626   657     66
346   943     62
1099   1038     117
700   915     13
669   773     106
688   826     60
680   1136     47
1194   899     175
705   817     8
380   656     84
1170   747     181
1087   643     133
384   655     84
1054   884     177
899   815     19
502   430     122
674   800     93
516   821     5
499   1101     33
560   1006     72
878   557     165
644   811     94
844   805     7
689   377     118
628   657     69
1156   1031     132
672   603     92
748   676     54
780   546     14
1098   1114     86
1084   904     155
1053   887     22
702   799     126
769   1029     109
808   675     11
860   635     163
774   1026     29
1075   641     33
661   834     104
649   919     55
815   517     64
880   1122     102
673   602     89
1079   906     162
328   944     19
718   995     110
668   775     109
634   656     80
829   647     139
750   666     132
734   1117     10
800   854     154
1109   475     196
591   1132     80
881   706     11
1097   1114     88
715   1076     98
882   696     11
1163   985     143
1145   1084     243
704   613     124
426   666     97
750   668     77
766   1032     110
750   674     9
904   834     55
623   652     55
674   795     95
375   660     84
1088   1133     49
853   1156     23
704   599     127
689   912     21
701   574     19
763   797     132
506   1048     57
1111   596     70
688   375     116
768   636     118
753   903     119
1124   866     182
728   903     121
668   779     108
514   806     55
641   1065     23
1096   363     192
705   793     125
488   1082     54
1164   1093     127
808   757     132
696   808     135
1004   310     151
775   1029     26
674   869     71
1169   619     72
883   791     141
779   545     10
830   650     138
710   829     129
686   969     62
878   788     138
801   854     155
1107   474     197
749   662     118
719   1001     110
716   801     126
618   592     8
1086   901     155
530   1016     241
1176   1100     144
855   678     141
657   833     106
1110   899     158
783   570     12
776   636     120
676   855     72
680   746     70
660   1153     139
661   862     108
669   784     102
1123   873     38
698   388     134
799   1131     41
1150   863     105
774   974     98
753   640     117
1149   1192     141
541   779     99
761   645     113
706   968     83
1051   875     169
744   679     13
937   888     22
1169   621     77
1090   1155     48
537   780     91
519   1061     4
701   829     128
685   774     65
671   853     97
566   587     23
706   966     84
707   1138     94
691   1019     111
1157   507     197
1156   1081     130
707   971     81
1087   730     102
799   660     43
843   637     157
682   1014     110
857   641     162
1046   854     170
344   946     57
520   839     6
666   790     108
870   691     79
616   593     28
1052   829     8
415   994     49
927   697     122
547   782     101
686   744     40
1050   866     169
686   827     175
532   1016     53
1068   1059     252
923   1160     35
775   635     120
853   641     161
852   1158     2
1096   538     73
1094   1151     60
619   589     10
655   863     105
1129   1110     79
754   964     88
1048   887     18
855   635     161
635   909     99
721   966     84
1092   1116     85
663   822     4
1094   719     98
694   743     50
1050   869     169
668   1072     225
589   1126     3
1005   308     148
844   642     157
712   1024     110
748   659     116
716   806     133
688   729     21
620   593     107
331   946     247
818   664     28
879   560     164
583   789     106
686   764     59
673   837     87
566   574     18
1134   924     163
1132   924     163
737   1070     100
847   637     160
643   914     73
839   643     155
693   597     128
1126   1110     77
843   639     157
875   1121     111
703   960     87
1089   571     190
820   738     141
869   641     165
821   1039     91
763   558     162
736   804     137
1095   1145     8
763   636     120
728   972     84
796   867     88
730   338     153
1134   546     195
1086   359     190
765   903     126
356   1048     58
656   885     69
1089   1157     45
773   762     124
668   789     102
1142   868     101
1087   570     191
656   858     106
778   783     102
670   829     100
1146   1070     241
667   798     103
799   769     21
627   636     82
533   782     90
767   557     164
535   1016     61
722   1071     96
699   378     125
675   863     76
340   945     55
670   1070     57
770   1130     41
895   808     134
771   1131     40
595   831     18
684   1015     110
669   1075     35
700   739     75
800   1002     95
675   867     74
1142   1006     127
333   943     248
1130   479     196
839   514     158
695   809     137
405   974     48
777   574     147
704   1028     113
425   665     98
569   592     30
886   862     54
659   845     105
639   1171     19
354   1047     60
1090   513     131
800   749     20
637   1050     86
667   849     99
1088   570     191
822   738     142
732   1069     98
762   638     118
869   698     61
775   634     121
650   924     36
560   995     66
638   1064     57
696   789     122
617   812     123
714   1021     108
696   583     129
845   679     118
1129   1036     132
655   844     107
631   1058     75
530   1109     59
534   1107     56
1133   1189     139
688   967     64
645   1055     16
721   961     85
740   904     122
899   1178     26
1156   1192     143
738   1082     39
532   1108     57
702   1026     110
538   1014     63
768   642     114
755   637     117
687   745     48
1105   589     203
783   821     30
1104   591     191
848   639     160
849   854     32
851   883     123
864   921     103
647   1099     61
656   1153     50
798   1002     94
777   567     134
652   1104     67
733   1065     95
532   787     87
775   1131     40
702   954     84
639   1064     41
682   762     48
855   854     109
1163   970     144
736   1047     97
723   563     151
794   533     18
682   863     172
606   1105     85
663   1161     42
678   839     79
719   1037     102
648   1100     60
537   1017     64
1068   773     139
1129   1036     132
567   962     90
675   775     96
406   977     46
794   535     21
700   398     123
913   701     87
670   780     102
383   658     85
915   699     94
1196   910     173
668   844     98
599   816     55
719   804     128
671   1068     49
696   918     10
762   1035     108
1194   1142     36
526   1110     60
648   1059     3
810   749     157
1173   867     107
807   1120     51
870   694     63
719   898     1
683   774     54
1149   994     248
722   707     23
687   755     58
1145   934     55
1007   308     147
1146   1012     253
497   1046     49
1207   671     192
681   769     47
687   370     112
537   1106     56
856   637     161
613   1101     0
885   797     6
1145   928     53
676   744     74
654   869     103
644   1057     13
738   825     128
575   782     110
543   1045     76
1077   363     189
658   1067     82
754   558     155
770   555     163
546   1049     68
736   805     135
695   791     136
726   1041     103
1133   1192     131
1132   1037     130
667   1112     41
807   1121     51
1125   888     33
752   559     158
529   1018     248
664   843     106
636   804     26
637   1168     17
1086   1130     59
1007   304     144
1049   865     169
1131   724     129
805   1121     53
685   897     44
736   991     98
640   1038     89
1182   1184     142
817   676     16
1137   1108     84
824   1033     89
737   903     123
1074   902     245
804   510     159
618   1095     7
654   1170     28
832   653     142
586   999     83
882   861     49
642   869     115
767   639     118
1095   577     190
1130   1192     131
1157   1192     141
930   925     129
1107   1112     70
819   1042     96
864   922     98
676   865     81
757   1060     20
530   854     5
1047   883     162
651   1159     33
1107   1111     72
749   549     150
724   1048     26
826   670     137
729   610     122
660   598     135
857   643     162
806   1028     103
361   692     72
853   643     159
859   859     98
583   794     72
799   837     19
648   864     108
1163   810     181
683   1027     109
859   522     159
910   863     65
336   1045     59
904   646     21
745   940     100
806   749     66
653   842     108
336   1044     58
709   1022     110
338   1047     60
916   650     21
361   689     83
728   560     147
790   871     43
637   1047     88
722   959     88
833   1057     2
676   864     86
746   909     112
784   1133     39
913   1177     5
857   520     160
738   1080     37
700   793     124
766   1033     110
648   1174     22
792   533     21
513   831     5
571   858     14
726   562     143
1138   724     43
852   638     161
791   534     19
1047   882     170
708   787     125
1139   925     165
1157   970     142
654   862     102
915   858     53
804   1122     54
764   759     124
724   814     10
1199   644     194
675   824     103
1166   991     143
1129   666     24
692   926     100
855   675     32
915   867     62
650   853     109
533   856     5
867   926     93
696   786     123
682   758     64
864   925     98
1162   806     179
531   855     5
692   896     40
602   866     117
1055   880     167
814   741     138
739   556     148
633   660     78
393   947     48
744   738     117
899   643     27
1066   771     111
635   1058     74
820   749     144
1157   974     141
1149   1008     199
362   692     74
877   933     80
662   1027     91
911   1121     120
700   390     134
633   920     90
690   784     124
706   811     3
628   946     62
920   1168     31
749   965     87
1093   636     15
743   911     111
726   804     129
295   1005     58
880   563     165
1155   973     150
688   1145     46
635   872     76
386   956     46
1154   970     147
1184   867     175
691   962     72
661   597     135
754   644     114
648   1161     32
1051   841     170
1174   1191     142
690   1006     110
1051   844     170
624   802     124
1050   848     170
789   822     37
771   569     159
1051   850     170
818   1114     80
913   865     62
783   573     6
622   805     121
1171   1180     10
913   864     63
674   1139     47
677   855     82
1009   300     141
1051   847     170
1115   831     171
642   1022     79
713   1127     96
755   793     127
634   802     70
1059   362     187
573   858     14
1052   848     171
1160   975     141
810   595     6
609   872     118
697   376     122
796   1121     61
656   600     127
710   786     126
538   1099     43
661   1114     3
703   806     128
846   676     10
1169   1182     11
757   554     151
730   896     3
840   645     154
697   789     124
693   1008     112
687   1139     42
879   664     146
813   743     147
695   922     7
1139   866     103
641   1020     78
626   1114     90
1088   565     192
1134   722     128
686   1143     46
926   877     58
692   593     128
602   1095     7
934   918     140
1137   868     55
624   953     58
685   868     62
1175   1190     136
540   1104     54
515   808     24
408   446     26
839   840     81
565   856     14
752   636     117
1175   768     184
924   932     122
853   601     41
673   784     98
696   789     122
645   1175     21
834   844     81
1113   891     40
785   759     124
853   687     126
767   351     158
865   688     103
833   650     148
683   864     222
424   670     97
1136   723     32
379   939     56
911   1178     8
614   1077     44
583   780     110
1014   294     142
865   677     127
730   788     127
1206   674     190
597   1099     4
1137   1101     80
819   1028     94
874   531     161
878   564     166
1167   782     185
1158   1187     7
714   1034     108
769   562     9
569   859     12
861   530     162
1136   1199     134
753   554     149
497   408     118
712   1033     107
1073   241     181
824   731     140
659   1118     6
718   916     110
690   1070     97
846   850     39
733   1084     32
903   805     132
870   667     163
420   660     96
619   944     254
623   1115     76
1134   870     28
1096   632     23
626   1115     63
1068   786     114
740   623     122
633   870     248
1088   1160     22
773   628     124
889   1187     10
1147   1015     250
591   1002     84
1195   689     190
814   593     9
1139   624     122
579   960     88
761   635     118
780   573     100
1198   902     173
658   1099     96
838   1053     5
688   973     81
519   835     7
1132   312     188
1096   620     33
857   914     114
495   461     123
1055   546     181
631   918     95
679   855     96
373   1054     51
1088   556     202
677   851     80
1041   640     57
732   1127     6
1187   696     183
415   402     96
1122   1184     139
873   578     168
818   1121     15
1144   726     154
684   787     75
828   731     142
937   885     36
897   810     136
699   1016     112
1085   908     155
913   697     78
868   665     153
738   909     113
617   946     192
383   1049     50
680   780     53
319   949     68
798   586     13
718   786     124
698   974     86
360   697     36
778   632     124
869   523     162
795   535     17
612   947     14
310   1037     58
1099   630     29
618   1179     40
854   643     159
767   634     120
653   709     46
593   1165     70
858   1157     5
1094   818     45
309   1035     56
690   879     44
680   824     90
577   856     15
416   663     96
297   990     58
432   395     105
1190   875     175
695   372     116
428   675     96
622   803     122
1098   617     44
859   909     127
677   831     73
929   869     50
860   1157     5
1092   517     124
920   875     59
693   821     144
860   929     92
1134   633     85
442   383     107
1108   1173     127
1117   899     170
817   831     22
740   896     4
732   813     8
1036   560     179
685   1067     98
417   658     97
1016   586     161
703   1002     111
1147   727     148
672   843     90
371   1054     50
871   582     165
1162   492     197
1116   480     195
824   729     137
778   751     121
694   821     136
837   1049     20
654   1110     71
801   1032     107
653   1010     75
484   1099     53
553   1057     4
693   1052     9
747   332     154
391   1043     49
614   559     120
1189   694     185
413   661     97
867   1180     112
694   371     115
914   708     92
425   386     103
1038   552     183
747   657     117
762   344     156
739   815     13
723   1128     5
864   1178     97
500   1114     38
1041   861     169
753   553     149
631   930     76
795   767     144
740   814     2
774   633     122
638   1121     3
1036   560     179
1091   242     183
844   645     156
597   796     113
652   710     43
421   666     98
743   401     154
791   588     104
644   624     118
725   1129     7
1104   358     190
1154   538     195
1126   265     186
568   977     80
781   543     16
763   550     152
700   1081     96
750   744     120
855   1166     105
671   841     94
703   1081     94
529   1026     206
720   1062     108
312   953     66
1127   906     17
1025   253     180
1184   967     164
758   1025     107
589   987     72
746   911     111
859   1162     3
638   1046     87
366   656     77
856   1169     94
1113   350     189
320   1042     75
599   800     121
1075   745     117
809   602     142
1114   1192     126
485   409     117
1134   870     28
588   1158     77
921   919     21
703   999     108
750   957     88
702   999     110
1122   1038     131
531   1012     248
1081   738     110
633   1048     88
1051   869     169
1075   557     51
694   795     134
718   729     115
1109   1097     65
730   966     85
722   1063     106
1213   989     168
1163   524     195
778   576     146
885   646     20
709   707     54
496   1098     29
839   504     157
