Left Line Position                Match_circle:
954   1099  1061  921       13    15     2
953   1100  1043  950       13    15     2
818   455  954  502       8    9     2
320   903  521  976       1    2     2
627   941  729  806       5    10     2
760   511  776  696       8    9     2
955   1278  1048  1095       11    13     2
961   1284  1049  1102       11    13     2
959   1103  1074  911       13    15     2
725   1064  770  994       5    7     2
993   1062  1038  982       10    13     2
629   946  735  806       5    10     2
926   454  931  377       9    12     2
595   584  648  531       4    8     2
1062   706  1136  609       16    17     2
460   344  680  420       3    12     2
555   653  642  559       4    10     2
671   896  757  782       5    12     2
812   467  915  502       8    9     2
1219   626  1261  432       15    16     2
470   954  526  894       2    5     2
792   379  897  287       8    9     2
627   942  730  805       5    12     2
966   1230  1029  1115       11    13     2
1220   577  1244  458       10    16     2
666   1037  820  1105       5    7     2
776   1280  867  1329       7    11     2
945   1271  991  1188       11    13     2
763   506  875  542       8    9     2
665   1149  768  990       5    7     2
649   491  685  581       8    9     2
977   1227  1007  1165       11    13     2
432   1089  607  1174       2    5     2
562   881  576  931       5    12     2
415   1010  515  883       2    5     2
757   1248  867  1304       7    11     2
667   1151  771  990       5    7     2
613   1056  641  1148       5    7     2
530   758  546  826       4    15     2
671   1152  748  1034       5    7     2
439   1081  579  1146       2    5     2
673   1220  749  1257       7    12     2
345   808  426  724       1    10     2
639   478  662  536       8    9     2
663   1145  756  1002       5    7     2
422   373  471  556       3    17     2
606   597  705  491       4    8     2
563   826  656  722       4    5     2
749   523  765  701       8    9     2
578   863  751  933       5    10     2
950   1272  987  1197       11    13     2
320   958  350  1010       1    2     2
976   1228  1006  1166       11    13     2
546   1133  613  1164       5    7     2
961   1282  1028  1145       11    13     2
652   488  674  550       8    9     2
1241   476  1259  377       16    18     2
660   1148  756  1000       5    7     2
936   1202  938  1276       10    11     2
308   848  360  794       1    10     2
318   937  362  1010       1    2     2
527   1163  581  1179       5    7     2
554   655  631  572       4    13     2
1180   526  1219  450       15    16     2
594   548  655  485       4    8     2
665   1151  763  1000       5    7     2
434   372  454  460       3    15     2
295   923  351  1013       1    2     2
604   1062  626  1139       5    7     2
619   788  669  717       4    13     2
509   761  529  825       4    12     2
425   1020  468  961       2    5     2
781   504  876  537       8    10     2
614   587  703  491       4    8     2
541   609  656  494       4    9     2
521   242  610  185       3    6     2
1233   565  1265  417       9    16     2
97   607  177  625       0    10     2
432   1088  606  1173       2    5     2
995   817  1045  839       10    13     2
1110   814  1127  734       15    17     2
730   1066  767  1004       5    7     2
1212   494  1252  409       9    16     2
756   515  767  590       8    9     2
775   507  874  541       8    13     2
1037   881  1063  941       10    12     2
847   1282  861  1371       9    11     2
972   218  995  279       13    14     2
931   360  936  309       10    14     2
439   1080  520  1118       2    5     2
447   425  468  513       3    12     2
847   647  887  597       9    13     2
302   844  428  709       1    10     2
645   734  651  679       4    15     2
761   518  819  468       8    10     2
604   781  671  737       4    9     2
320   902  495  966       1    2     2
652   285  659  355       6    9     2
670   1152  726  1066       5    7     2
298   923  350  1017       1    2     2
1228   455  1259  388       10    12     2
1006   1036  1074  922       9    12     2
306   838  435  700       1    9     2
567   901  579  847       5    9     2
1033   286  1084  305       9    14     2
997   812  1122  646       10    15     2
659   755  855  838       4    12     2
724   949  762  1015       5    9     2
1189   510  1210  568       10    13     2
525   1161  599  1189       2    5     2
985   265  1149  309       9    14     2
575   817  583  875       4    5     2
662   298  667  356       6    15     2
342   1001  430  1014       1    2     2
299   924  345  1007       1    2     2
891   291  946  308       13    14     2
564   826  656  724       4    5     2
917   737  920  680       10    13     2
253   836  313  844       1    10     2
1104   615  1167  646       10    13     2
418   1005  515  881       2    5     2
428   725  447  663       4    7     2
507   862  540  798       4    5     2
934   323  994  267       10    14     2
458   280  463  339       3    7     2
673   902  747  932       5    7     2
557   661  607  679       4    15     2
349   642  408  666       4    17     2
322   945  361  1010       1    2     2
1145   787  1174  728       7    9     2
223   586  276  608       0    13     2
706   491  759  514       8    10     2
530   757  543  810       4    13     2
446   466  466  532       3    17     2
429   929  492  952       1    2     2
1147   779  1181  715       7    10     2
864   981  918  1004       5    7     2



Right Line Position        Match_circle:
542    1087  1061  921       5    7    2
746    647  913  289       4    8    2
769    646  436  705       8    12    2
778    938  954  502       4    10    2
988    448  439  681       16    17    2
983    459  729  806       16    17    2
547    1078  860  842       5    7    2
1190    516  776  696       16    17    2
1232    790  489  591       16    17    2
746    1064  850  859       5    7    2
1147    1096  1048  1095       13    15    2
931    966  1049  1102       10    13    2
716    762  206  489       5    9    2
1118    265  898  240       9    15    2
1225    793  741  783       16    17    2
530    1014  648  531       1    2    2
580    382  1082  678       4    9    2
644    600  382  351       8    9    2
447    846  642  559       4    15    2
797    1205  915  502       11    15    2
1296    709  220  727       16    17    2
384    488  1261  432       0    3    2
764    347  848  854       6    18    2
1120    253  541  842       5    10    2
1284    645  1199  686       16    17    2
1291    762  614  521       5    10    2
1036    500  730  805       14    16    2
1388    515  1106  556       16    17    2
1237    797  1029  1115       16    17    2
993    732  820  1105       9    12    2
753    652  867  1329       4    8    2
847    1234  597  191       11    15    2
644    825  685  581       4    15    2
781    732  1028  820       4    9    2
750    651  656  493       8    16    2
819    1228  576  931       7    15    2
874    1053  368  344       13    15    2
1143    1097  867  1304       5    10    2
801    1116  745  783       10    13    2
447    847  767  1272       4    9    2
789    485  641  1148       12    15    2
568    377  546  826       3    13    2
468    893  579  1146       1    2    2
609    347  1160  739       8    17    2
907    661  749  1257       12    16    2
1166    514  1062  602       5    10    2
621    344  426  724       3    8    2
913    913  856  921       9    16    2
1072    564  662  536       10    13    2
929    698  1092  934       5    10    2
349    624  945  308       1    12    2
619    702  670  401       4    16    2
406    582  1211  327       4    9    2
558    638  471  556       4    15    2
748    649  1251  409       8    9    2
618    337  1056  823       8    13    2
757    648  705  491       8    13    2
435    927  623  896       1    2    2
656    886  987  1197       4    9    2
912    1261  936  313       11    15    2
763    433  1006  1166       5    8    2
610    342  613  1164       3    8    2
1269    819  722  809       5    10    2
730    925  674  550       5    9    2
715    904  1259  377       4    18    2
612    293  756  1000       6    16    2
1368    506  735  1257       12    15    2
800    1195  360  794       7    11    2
397    496  756  781       3    13    2
1060    1033  581  1179       10    15    2
825    852  1219  450       4    12    2
394    500  1081  928       3    15    2
1146    1056  655  485       5    10    2
706    887  608  200       9    12    2
918    204  757  619       9    14    2
1199    789  881  768       5    10    2
432    1052  1006  1160       1    2    2
529    1097  746  940       2    15    2
820    187  817  749       5    6    2
688    870  672  924       5    17    2
1060    1317  1143  772       11    16    2
845    1213  1132  625       7    9    2
1120    264  468  961       5    17    2
713    1210  876  537       7    17    2
445    925  580  851       1    2    2
786    611  841  953       4    8    2
832    488  656  494       9    12    2
917    706  606  1173       5    15    2
731    642  397  661       4    17    2
502    607  1177  326       5    13    2
697    211  1127  734       6    16    2
305    617  866  1335       0    5    2
638    602  1094  930       8    15    2
788    398  1063  941       5    8    2
695    1179  861  1371       7    9    2
992    1345  734  806       11    15    2
581    481  619  741       4    10    2
1069    571  1018  1012       9    14    2
962    1002  939  985       5    10    2
671    733  757  617       4    17    2
819    1229  468  513       7    9    2
518    1011  253  837       1    2    2
765    309  1094  985       6    15    2
826    184  887  597       5    6    2
789    1115  884  759       7    12    2
295    612  428  709       0    18    2
1189    270  881  1117       9    16    2
562    1113  671  737       2    7    2
727    453  659  355       8    10    2
808    644  726  1066       4    8    2
853    186  913  288       6    9    2
772    937  845  1002       9    17    2
983    460  897  248       9    10    2
709    202  657  749       6    16    2
499    793  350  1017       4    14    2
1396    487  1259  388       5    12    2
774    906  1074  922       15    16    2
1036    451  435  700       9    16    2
1016    1010  653  410       12    17    2
893    699  585  551       10    17    2
757    364  1122  646       6    9    2
868    508  855  838       5    13    2
836    179  1210  568       6    16    2
664    818  599  1189       4    15    2
845    404  658  239       5    8    2
572    927  1031  1109       5    9    2
1160    1051  1036  748       5    9    2
766    1144  647  690       7    9    2
750    621  870  1295       4    18    2
1363    315  583  875       9    15    2
638    354  771  992       8    13    2
977    1308  430  1014       9    10    2
433    928  988  807       1    2    2
513    760  1131  734       4    11    2
686    555  853  1296       8    10    2
891    1250  583  888       5    9    2
957    532  656  724       9    16    2
647    251  313  844       6    14    2
797    581  717  942       8    12    2
787    610  840  658       4    8    2
