[ 954 1099 1061  921]
[ 953 1100 1043  950]
[588 725 861 841]
[808 384 913 289]
[308 842 436 705]
[ 981  803 1104  645]
[818 455 954 502]
[348 642 439 681]
[320 903 521 976]
[627 941 729 806]
[804 818 860 842]
[760 511 776 696]
[1096  979 1118  928]
[806 718 898 601]
[ 684 1200  822 1267]
[444 412 489 591]
[531 602 643 494]
[816 914 850 859]
[ 955 1278 1048 1095]
[ 961 1284 1049 1102]
[126 455 206 489]
[316 846 440 713]
[ 992  810 1137  617]
[ 959 1103 1074  911]
[709 182 898 240]
[ 725 1064  770  994]
[ 997  811 1135  627]
[ 993 1062 1038  982]
[629 946 735 806]
[697 840 741 783]
[926 454 931 377]
[ 970  579 1168  647]
[184 484 368 345]
[1102  815 1136  639]
[595 584 648 531]
[ 990  800 1082  678]
[1062  706 1136  609]
[200 493 382 351]
[460 344 680 420]
[933 494 942 357]
[ 645 1016  886 1118]
[555 653 642 559]
[671 896 757 782]
[812 467 915 502]
[158 615 254 841]
[550 633 612 569]
[169 612 220 727]
[1219  626 1261  432]
[ 925 1094  925 1029]
[304 841 437 698]
[646 768 848 854]
[521 759 541 842]
[248 580 443 666]
[470 954 526 894]
[792 379 897 287]
[706 187 898 249]
[1134  815 1199  686]
[545 594 614 521]
[812 701 902 590]
[627 942 730 805]
[ 846  466 1106  556]
[ 966 1230 1029 1115]
[1132  808 1199  682]
[1220  577 1244  458]
[ 666 1037  820 1105]
[907 741 916 612]
[ 776 1280  867 1329]
[326 892 528 966]
[462 525 476 577]
[447 289 597 191]
[ 945 1271  991 1188]
[763 506 875 542]
[814 732 885 758]
[ 665 1149  768  990]
[649 491 685 581]
[ 977 1227 1007 1165]
[ 432 1089  607 1174]
[1080 1038 1115  969]
[ 962  801 1028  820]
[ 839  971 1028 1051]
[543 606 656 493]
[208 564 306 607]
[1110  834 1148  641]
[562 881 576 931]
[ 970  522 1097  566]
[183 483 368 344]
[ 415 1010  515  883]
[ 757 1248  867 1304]
[723 719 745 783]
[1216  628 1231  540]
[510 762 527 812]
[ 669 1224  767 1272]
[ 667 1151  771  990]
[ 613 1056  641 1148]
[565 628 644 540]
[1068 1056 1136  916]
[530 758 546 826]
[ 671 1152  748 1034]
[ 439 1081  579 1146]
[ 961 1105 1016 1014]
[1127  806 1160  739]
[ 673 1220  749 1257]
[ 972  572 1062  602]
[216 723 268 839]
[345 808 426 724]
[844 870 856 921]
[639 478 662 536]
[806 706 902 588]
[555 661 644 693]
[1068 1057 1092  934]
[ 663 1145  756 1002]
[558 673 667 713]
[796 711 885 601]
[933 481 945 308]
[1114  310 1212  337]
[658 257 670 401]
[836 220 900 239]
[649 252 664 432]
[1001  270 1211  327]
[501 347 616 385]
[422 373 471 556]
[1192  535 1251  409]
[ 947  783 1056  823]
[810 766 868 788]
[1213  608 1235  499]
[606 597 705 491]
[205 579 404 663]
[563 826 656 722]
[652 902 746 942]
[917 743 924 616]
[749 523 765 701]
[ 983  273 1104  306]
[573 873 623 896]
[578 863 751 933]
[ 950 1272  987 1197]
[647 909 713 939]
[930 371 936 313]
[ 320  958  350 1010]
[ 976 1228 1006 1166]
[1168  840 1205  693]
[ 546 1133  613 1164]
[ 961 1282 1028 1145]
[ 938  788 1001  808]
[1155  752 1187  688]
[578 614 639 547]
[ 708 1213  842 1279]
[462 340 574 378]
[622 941 722 809]
[652 488 674 550]
[1241  476 1259  377]
[ 660 1148  756 1000]
[ 671 1226  735 1257]
[ 936 1202  938 1276]
[ 674 1221  766 1270]
[787 830 793 906]
[308 848 360 794]
[ 318  937  362 1010]
[669 897 756 781]
[ 527 1163  581 1179]
[1064 1056 1075 1003]
[1175  777 1197  676]
[554 655 631 572]
[1180  526 1219  450]
[ 937 1128  940 1064]
[1068 1009 1081  928]
[594 548 655 485]
[458 297 608 200]
[559 580 614 528]
[ 665 1151  763 1000]
[1049  943 1144  920]
[434 372 454 460]
[ 295  923  351 1013]
[747 507 757 619]
[ 957 1281 1006 1185]
[830 746 881 768]
[1134  816 1199  688]
[909 736 916 628]
[ 965 1107 1075  923]
[ 942 1275 1006 1160]
[653 901 746 940]
[ 604 1062  626 1139]
[619 788 669 717]
[807 697 817 749]
[571 881 672 924]
[ 879 1009  963 1046]
[482 340 545 360]
[1113  832 1143  772]
[554 731 620 757]
[509 761 529 825]
[ 975  574 1132  625]
[ 425 1020  468  961]
[781 504 876 537]
[568 904 580 851]
[822 903 841 953]
[185 484 321 381]
[614 587 703 491]
[541 609 656 494]
[521 242 610 185]
[660 435 660 360]
[1233  565 1265  417]
[216 721 251 797]
[590 378 682 406]
[163 628 207 577]
[ 97 607 177 625]
[ 432 1088  606 1173]
[725 949 784 901]
[314 627 397 661]
[1115  310 1177  326]
[ 995  817 1045  839]
[1110  814 1127  734]
[ 730 1066  767 1004]
[1058 1054 1086 1004]
[1212  494 1252  409]
[ 793 1284  866 1335]
[756 515 767 590]
[1030  739 1113  633]
[775 507 874 541]
[1070 1055 1094  930]
[ 423 1099  481 1125]
[1037  881 1063  941]
[ 847 1282  861 1371]
[629 945 734 806]
[815 524 875 547]
[558 714 619 741]
[ 962 1105 1018 1012]
[972 218 995 279]
[663 776 668 714]
[681 636 738 677]
[931 360 936 309]
[879 953 939 985]
[ 822 1105  881 1133]
[ 998  808 1134  627]
[590 170 622 222]
[ 439 1080  520 1118]
[ 956 1249  988 1333]
[424 375 446 459]
[730 676 757 617]
[447 425 468 513]
[217 750 253 837]
[1058  914 1094  985]
[847 647 887 597]
[817 734 884 759]
[641 452 687 398]
[302 844 428 709]
[ 950  792 1021  817]
[ 785 1076  881 1117]
[645 734 651 679]
[761 518 819 468]
[1098 1002 1127  944]
[628 946 638 891]
[604 781 671 737]
[320 902 495 966]
[652 285 659 355]
[ 670 1152  726 1066]
[808 383 913 288]
[1000 1036 1075  911]
[ 840  947  845 1002]
[749 200 897 248]
[599 809 657 749]
[ 298  923  350 1017]
[1228  455 1259  388]
[1006 1036 1074  922]
[777 824 784 906]
[812 466 874 490]
[ 978  526 1063  555]
[306 838 435 700]
[567 901 579 847]
[643 448 687 397]
[656 437 700 377]
[ 986  806 1126  621]
[1033  286 1084  305]
[681 535 686 591]
[594 389 653 410]
[533 601 585 551]
[ 999  803 1121  640]
[ 997  812 1122  646]
[659 755 855 838]
[ 724  949  762 1015]
[1189  510 1210  568]
[867 543 928 480]
[ 845  983  902 1006]
[176 624 201 680]
[ 525 1161  599 1189]
[594 196 658 239]
[1002 1162 1031 1109]
[ 960 1023 1012 1040]
[724 716 745 777]
[459 345 520 367]
[ 991  810 1036  748]
[641 740 647 690]
[1096  981 1116  928]
[ 795 1250  870 1295]
[611 897 679 925]
[ 985  265 1149  309]
[575 817 583 875]
[662 298 667 356]
[ 948  783 1001  801]
[ 669 1149  771  992]
[ 342 1001  430 1014]
[ 299  924  345 1007]
[938 789 988 807]
[1116  806 1131  734]
[ 771 1254  853 1296]
[506 895 583 888]
[891 291 946 308]
[ 987 1031 1026 1105]
[564 826 656 724]
[ 981  275 1036  290]
[824 694 867 638]
[917 737 920 680]
[253 836 313 844]
[ 897 1016  963 1045]
[ 650 1031  757 1078]
[1104  615 1167  646]
[ 418 1005  515  881]
[663 917 717 942]
[1010 1175 1044 1110]
[797 711 840 658]
[ 598 1188  638 1135]
[648 235 654 292]
[ 954 1260  991 1190]
[428 725 447 663]
[ 671 1153  706 1099]
[762 508 856 534]
[507 862 540 798]
[529 822 588 822]
[ 962  797 1029  821]
[1006  804 1030  884]
[1035  280 1198  324]
[934 323 994 267]
[ 997  278 1108  310]
[ 654 1019  784 1074]
[458 280 463 339]
[ 677 1227  730 1252]
[673 902 747 932]
[ 688 1231  767 1271]
[397 760 439 708]
[736 190 811 213]
[741 980 745 928]
[481 352 606 395]
[263 445 319 398]
[557 661 607 679]
[349 642 408 666]
[457 299 541 244]
[314 850 361 799]
[ 322  945  361 1010]
[157 614 194 701]
[1145  787 1174  728]
[ 614 1093  630 1148]
[223 586 276 608]
[706 491 759 514]
[665 777 761 818]
[ 960 1100 1017 1005]
[649 896 702 854]
[450 286 506 249]
[530 757 543 810]
[446 466 466 532]
[ 963 1260 1047 1095]
[429 929 492 952]
[ 988  795 1059  704]
[1147  779 1181  715]
[ 763 1079  875 1129]
[1210  496 1249  412]
[ 958 1281  983 1229]
[ 864  981  918 1004]
[ 622 1084  640 1143]
