0.42 259.42
0.42 249.7
0.34 90.63
4.02 -718.79
-0.9 584.05
-1.66 1417.6
0.42 328.02
-1.28 911.48
0.49 454.9
-1.28 916.21
2.36 110.06
-1.33 1108.4
-0.78 341.25
4.02 -701.08
-1.66 1411.55
-1.04 616.1
0.44 246.22
0.42 389.92
-1.96 1655.67
-1.96 1583.79
-1.0 619.0
-0.75 326.84
0.29 -10.36
11.45 -3818.38
-1.33 941.04
-1.38 957.35
-0.97 593.39
-1.8 1490.05
0.42 397.62
2.36 128.51
-1.33 1124.0
-0.9 574.55
0.42 323.74
0.44 256.25
0.44 389.48
11.44 -3758.76
0.34 98.32
19.19 -6524.19
-1.8 1563.28
-1.54 1139.03
-1.88 1536.94
-1.28 810.73
-1.04 606.2
-5.15 3443.92
-4.71 3320.96
-1.88 1602.53
-1.73 1447.96
-0.93 599.25
0.36 413.44
-2.05 1636.91
-1.28 1096.72
-1.0 627.0
0.29 -5.43
-4.33 3100.64
0.38 348.89
14.35 -4764.13
-14.35 7214.83
-1.33 929.24
-1.48 1117.23
-1.11 777.57
-0.65 312.83
0.49 461.77
0.51 447.93
1.0 35.0
-1.66 1193.94
0.38 408.99
-5.14 3597.88
