0.31 83.67
-1.43 919.59
-2.61 2168.97
0.36 231.58
0.47 439.25
-57.09 22869.83
0.47 432.13
8.16 -2283.35
0.31 77.57
8.16 -2241.53
-1.66 1179.97
0.34 390.83
-1.6 1142.37
-1.48 935.57
0.25 -9.0
0.38 370.58
-2.75 2240.39
-1.33 766.43
0.25 -14.37
0.38 377.95
0.4 211.67
-1.23 740.39
-1.0 469.0
-1.28 742.48
-1.15 710.32
-1.24 731.18
-2.24 1919.68
-2.6 2145.9
-2.35 1977.29
-57.09 23098.17
-1.88 1378.73
-1.8 1334.12
-1.6 980.47
0.29 135.3
-1.88 1373.17
0.23 -1.62
0.38 320.06
0.4 310.57
0.4 368.64
-19.2 7894.29
-1.6 1153.39
-1.19 717.41
-1.0 459.0
-1.88 1363.45
-1.38 883.98
0.42 307.61
57.09 -22527.31
-1.6 1147.59
-1.28 843.22
-14.35 7200.49
-1.28 753.14
-1.24 831.55
0.32 241.71
0.47 442.59
0.49 422.57