[ 260  630  290 1066]
[ 510 1307  909 1391]
[398 589 652 557]
[ 834  529 1134  587]
[ 937 1326 1113 1178]
[ 311 1267  538 1171]
[ 882 1131 1041 1151]
[ 507 1189  701 1110]
[646 634 825 619]
[ 437 1201  687 1105]
[392 620 558 631]
[ 873  933  880 1122]
[863 688 874 981]
[ 370 1279  520 1310]
[ 323 1256  477 1193]
[238 607 426 587]
[ 896 1362  982 1289]
[ 947  606 1044  597]
[ 670 1107  844 1126]
[654 787 661 910]
[ 937 1364 1018 1291]
[415 632 476 635]
[ 896 1398 1144 1175]
[ 294 1164  303 1283]
[ 279  920  293 1123]
[1082 1233 1137 1182]
[ 867  536 1138  589]
[401 620 596 633]
[ 618 1329  910 1391]
[862 615 968 605]
[322 626 532 640]
[ 280 1260  454 1297]
[645 634 659 885]
[ 376 1247  501 1192]
[ 488 1193  550 1167]
[ 542 1332  614 1344]
[ 404 1222  509 1179]
[ 737 1121  846 1135]
[460 637 515 640]
[642 558 755 541]
[1035  597 1142  612]
[687 552 842 528]
[ 544 1172  629 1136]
[1017  610 1068  607]
[ 347 1238  421 1209]
[911 558 987 571]
[647 680 654 812]
[ 426 1223  627 1141]
[496 640 556 638]
[1016 1148 1079 1157]
[861 613 863 714]
[620 644 682 640]
[ 788 1127  847 1134]
[ 892 1366  945 1321]
[ 508 1307  563 1319]
[ 286 1259  381 1247]
[601 642 673 639]
[ 279 1264  337 1255]
[ 994 1314 1134 1183]
[327 627 383 621]
[ 285 1260  363 1279]
[ 949 1354  999 1304]
[ 279 1265  382 1225]
[1142  655 1142  593]
[ 438 1201  488 1182]
[825 574 826 627]
[ 305 1274  434 1221]
[394 633 486 636]
[ 846 1382  909 1392]
[260 640 264 709]
[1010 1297 1063 1246]
[ 572 1161  622 1138]
[ 299 1266  403 1224]
[ 422 1225  499 1195]
[ 330 1266  419 1230]
[749 543 845 528]
[ 277 1267  343 1241]
[ 331 1264  419 1229]
[357 594 555 570]
[267 749 273 807]
[ 994 1277 1084 1201]
[1131  592 1143  642]
[ 427 1219  510 1183]
[ 675 1125  732 1113]
[1035 1272 1090 1222]
