1058 548
122 960
870 210
702 458
1048 1030
686 708
868 498
668 996
812 802
254 346
444 920
544 276
980 664
174 614
376 1032
752 642
542 1070
498 564
978 962
810 1060
516 858
812 578
864 864
986 408
884 624
734 826
634 766
742 928
420 736
898 736
548 676
524 970
552 746
608 602
742 552
582 828
1060 778
916 990
632 886
608 948
782 478
966 506
1026 914
958 584
778 728
448 986
456 1082
1174 876
1090 874
456 490
330 966
672 638
1096 948
746 1016
604 1032
1022 836
228 556
572 504
912 362
220 696
630 430
666 558
1260 946
954 888
998 742
1366 1016
1128 766
810 250
